Design 1 (based on previous project):

t = 0.001  # meter
a = 0.10  # meter
t_top = 0.005
t_bottom = 0.005
t_spar = 0.005

Top [15.56, 14.73, 14.73, 14.09, 13.31, 13.31, 11.19, 11.19, 11.19, 11.19, 11.19, 11.19, 6.6899999999999995, 6.6899999999999995, 6.6899999999999995, 6.6899999999999995, 6.6899999999999995, 6.6899999999999995, 6.6899999999999995, 6.6899999999999995, 6.6899999999999995, 6.6899999999999995, 6.6899999999999995]
Bottom [15.56, 14.3, 14.3, 13.75, 12.25, 12.25, 9.13, 9.13, 9.13, 9.13, 9.13, 9.13, 2.9299999999999997, 2.9299999999999997, 2.9299999999999997, 2.9299999999999997, 2.9299999999999997, 2.9299999999999997, 2.9299999999999997, 2.9299999999999997, 2.9299999999999997, 2.9299999999999997, 2.9299999999999997]

# probably needs some cleaning
Rib placements: [1.2867337463397963, 2.60930673730467, 3.9818784191818115, 5.285814651870314, 6.662260133850759, 8.143605948085582, 9.843249579737927, 11.699322713288309, 14.244948967986968]
Virtical stringer placemets: [0.3727644732006526, 0.7431803394256451, 1.1119092714625807, 1.2867337463397963, 1.653675001829351, 2.0197706135798854, 2.385502638466662, 2.60930673730467, 2.9716047646538044, 3.3338775779793473, 3.6963689351003115, 3.9818784191818115, 4.3457245747220865, 4.7106425644744965, 5.076978147444882, 5.285814651870314, 5.655018309608719, 6.026347312701108, 6.400350430398533, 6.662260133850759, 7.020037970566589, 7.379989522947073, 7.74334182053086, 8.110591202338664, 8.143605948085582, 8.515624681554396, 8.892760161301418, 9.275698912545732, 9.662852203670939, 9.843249579737927, 10.242042948322972, 10.65055464723541, 11.070570762300225, 11.490233732928635, 11.699322713288309, 12.13618317883181, 12.594691581031368, 13.081376884029611, 13.609626532263581, 14.191005556552323, 14.244948967986968, 14.954884934956533]

Design 2 ("Thin plates" on 2mm less)
t = 0.001  # meter
a = 0.04  # meter
t_top = 0.0042
t_bottom = 0.0032
t_spar = 0.005

Top [15.600000000000001, 15.600000000000001,1.6, 1.6, 1.6, 1.6, 1.6, 1.6, 2.1, 2.1, 2.1, 2.1, 2.1, 2.1, 2.1, 2.1, 1.2, 1.2, 0.6, 0.6,0.6, 0.6,14.950000000000001, 14.950000000000001, 14.55, 13.700000000000001, 13.700000000000001, 13.700000000000001, 12.000000000000002, 12.000000000000002, 12.000000000000002, 12.000000000000002, 12.000000000000002, 12.000000000000002, 12.000000000000002, 8.500000000000002, 8.500000000000002, 8.500000000000002, 8.500000000000002, 8.500000000000002, 8.500000000000002, 8.500000000000002, 8.500000000000002, 8.500000000000002, 8.500000000000002, 8.500000000000002, 8.500000000000002, 8.500000000000002, 0.9500000000000001, 0.9500000000000001, 0.9500000000000001, 0.9500000000000001, 0.9500000000000001, 0.9500000000000001, 0.9500000000000001, 0.9500000000000001, 0.9500000000000001, 0.9500000000000001, 0.9500000000000001, 0.9500000000000001, 0.9500000000000001, 0.9500000000000001, 0.9500000000000001, 0.9500000000000001, 0.9500000000000001, 0.9500000000000001, 0.9500000000000001, 0.9500000000000001, 0.9500000000000001, 0.9500000000000001, 0.9500000000000001, 0.9500000000000001, 0.9500000000000001, 0.9500000000000001, 0.9500000000000001]
Bottom [15.600000000000001, 15.600000000000001,1.6, 1.6, 1.6, 1.6, 1.6, 1.6, 2.1, 2.1, 2.1, 2.1, 2.1, 2.1, 2.1, 2.1, 1.2, 1.2, 0.6, 0.6,0.6, 0.6,14.850000000000001, 14.850000000000001, 14.450000000000001, 13.55, 13.55, 13.55, 11.8, 11.8, 11.8, 11.8, 11.8, 11.8, 11.8, 8.200000000000001, 8.200000000000001, 8.200000000000001, 8.200000000000001, 8.200000000000001, 8.200000000000001, 8.200000000000001, 8.200000000000001, 8.200000000000001, 8.200000000000001, 8.200000000000001, 8.200000000000001, 8.200000000000001]

Ribs [0.2536445528440179, 0.5083791445824545, 0.7642849178651046, 1.0197580436849794, 1.278883989009672, 1.5385991739238203, 1.79987063300493, 2.06005190779627, 2.3219436698470917, 2.5818180292807944, 2.8435448325863, 3.107253029139377, 3.3730835319212447, 3.6411767296893234, 3.911700383556834, 4.184823335963897, 4.460734602677989, 4.739642963190668, 5.021773802506742, 5.307376171637369, 5.596735292528214, 5.89015907925453, 6.187998214740625, 6.4906490486634745, 6.798564570717671, 7.112261248387659, 7.4323380178899034, 7.759497250224732, 8.09456041037151, 8.438514698509263, 8.77817758889324, 9.130677192875003, 9.495254483302876, 9.873927929540846, 10.269316448916554, 10.684917946574732, 11.125594188449536, 11.598419349215714, 12.114383430306354, 12.677522529261996, 13.332676081806564, 14.160247632361802, 15.454075847642626]
Vertical stringers [0.2536445528440179, 0.5083791445824545, 0.7642849178651046, 1.0197580436849794, 1.278883989009672, 1.5385991739238203, 1.79987063300493, 2.06005190779627, 2.3219436698470917, 2.5818180292807944, 2.8435448325863, 3.107253029139377, 3.3730835319212447, 3.6411767296893234, 3.911700383556834, 4.184823335963897, 4.460734602677989, 4.739642963190668, 5.021773802506742, 5.307376171637369, 5.596735292528214, 5.89015907925453, 6.187998214740625, 6.4906490486634745, 6.798564570717671, 7.112261248387659, 7.4323380178899034, 7.759497250224732, 8.09456041037151, 8.438514698509263, 8.77817758889324, 9.130677192875003, 9.495254483302876, 9.873927929540846, 10.26141556575656, 10.269316448916554, 10.666076340991292, 10.684917946574732, 11.093017861742657, 11.125594188449536, 11.547964285872176, 11.598419349215714, 12.039450961502457, 12.114383430306354, 12.572748364109655, 12.677522529261996, 13.172665452518986, 13.332676081806564, 13.891679920282542, 14.160247632361802, 15.454075847642626]


Design 3