Option 1:

rib_list = [0.5848523469545222, 1.1757528910482815, 1.773821082866517, 2.3802724784601192, 2.996531880629727, 3.6242249746781274, 4.265332780019202, 4.922226619474486, 5.597875555888229, 6.29604175199507, 7.0216979446301435, 7.781614974841632, 8.557751477872065, 9.383245133878019, 10.276838565097247, 11.270325394848546, 12.428221507602593, 13.883897159092271]
list_of_stringer_top = []
t = 0.001
a = 0.10
list_of_stringer_lengths1 = [15.56, 14.71, 14.71, 13.59, 13.59, 11.77, 11.77, 11.77, 11.77, 11.77, 7.94, 7.94, 7.94, 7.94, 7.94, 7.94, 7.94, 7.94, 7.94, 15.555]
list_of_stringer_lengths2 = [15.56, 14.28, 14.28, 13.33, 11.43, 11.43, 11.43, 11.43, 7.54, 7.54, 7.54, 7.54, 7.54, 7.54, 15.555]
combination_of_vertical_stiff = [0.3725592044897632, 0.5848523469545222, 0.9542083057453972, 1.1757528910482815, 1.5430084352679247, 1.773821082866517, 2.139931177650409, 2.3802724784601192, 2.746070900641619, 2.996531880629727, 3.3624640143386486, 3.6242249746781274, 3.991046900506219, 4.265332780019202, 4.633942654755295, 4.922226619474486, 5.293646563125611, 5.597875555888229, 5.973246481182661, 6.29604175199507, 6.676740672324503, 7.0216979446301435, 7.409433147616481, 7.781614974841632, 8.170593190899632, 8.557751477872065, 8.955430828138057, 9.360130348519808, 9.383245133878019, 9.796541473553107, 10.219406388553194, 10.276838565097247, 10.712671293678433, 11.162441985405968, 11.270325394848546, 11.741831545303478, 12.231280769106498, 12.428221507602593, 12.955542490326264, 13.883897159092271]
for x in range(len(list_of_stringer_lengths1)):
    list_of_stringer_top.append(fn.Stringer(t, a, list_of_stringer_lengths1[x], aluminum))
for x in range(len(list_of_stringer_lengths2)):
    list_of_stringer_bottom.append(fn.Stringer(t, a, list_of_stringer_lengths2[x], aluminum))
wingbox = fn.WingBox([0.005, 0.005, 0.005], list_of_stringer_top, list_of_stringer_bottom, rib_list, aluminum)


Option 2:

rib_list = [0.21160043034450057, 0.42394380088945155, 0.6370775720299807, 0.8503830520645674, 1.065240976722662, 1.2810452270801789, 1.497851437278757, 1.7157233197818793, 1.9347181442988592, 2.1549024457766355, 2.3763465999179556, 2.599127291281336, 2.8233204387003745, 3.0490105647239916, 3.2762840517385183, 3.5052332961150725, 3.7359628282497352, 3.968583713867636, 4.2032119921227595, 4.43908627134836, 4.677204455141326, 4.917715337916954, 5.160778909365251, 5.40657147316978, 5.655292662596251, 5.907152732743459, 6.1623922916534575, 6.421280378698733, 6.684115089659066, 6.951235316350674, 7.223028780693003, 7.499935788662708, 7.775008367199394, 8.055807487404174, 8.342786331227028, 8.636478845100617, 8.937638777469553, 9.24720933691539, 9.566332827991376, 9.89642192317952, 10.239264312984583, 10.596387714772384, 10.97152989200857, 11.368865238883892, 11.79414285571838, 12.248839279590102, 12.753796280979744, 13.334788943268922, 14.052037489135284, 15.089089949808034]
list_of_stringer_top = []
t = 0.001
a = 0.04
list_of_stringer_lengths1 = [15.600000000000001, 0.2, 0.2, 0.2, 0.2, 14.900000000000002, 14.900000000000002, 14.400000000000002, 13.400000000000002, 13.400000000000002, 13.400000000000002, 13.400000000000002, 11.55, 11.55, 11.55, 11.55, 11.55, 11.55, 11.55, 7.7, 7.7, 7.7, 7.7, 7.7, 7.7, 7.7, 7.7, 7.7, 7.7, 7.7, 7.7, 7.7, 7.7, 7.7, 15.555]
list_of_stringer_lengths2 = [15.600000000000001, 14.8, 14.8, 0.2,13.900000000000002, 13.900000000000002, 12.600000000000001, 12.600000000000001, 12.600000000000001, 12.600000000000001, 12.600000000000001, 9.950000000000001, 9.950000000000001, 9.950000000000001, 9.950000000000001, 9.950000000000001, 9.950000000000001, 9.950000000000001, 9.950000000000001, 9.950000000000001, 9.950000000000001, 4.5, 4.5, 4.5, 4.5, 4.5, 4.5, 4.5, 4.5, 4.5, 4.5, 4.5, 4.5, 4.5, 4.5, 4.5, 4.5, 4.5, 4.5, 4.5, 15.555]
combination_of_vertical_stiff = [0.21160043034450057, 0.42394380088945155, 0.6370775720299807, 0.8503830520645674, 1.065240976722662, 1.2810452270801789, 1.497851437278757, 1.7157233197818793, 1.9347181442988592, 2.1549024457766355, 2.3763465999179556, 2.599127291281336, 2.8233204387003745, 3.0490105647239916, 3.2762840517385183, 3.5052332961150725, 3.7359628282497352, 3.968583713867636, 4.2032119921227595, 4.43908627134836, 4.677204455141326, 4.917715337916954, 5.160778909365251, 5.40657147316978, 5.655292662596251, 5.907152732743459, 6.1623922916534575, 6.421280378698733, 6.684115089659066, 6.951235316350674, 7.223028780693003, 7.499935788662708, 7.775008367199394, 8.055807487404174, 8.342786331227028, 8.636478845100617, 8.937638777469553, 9.24720933691539, 9.566332827991376, 9.89642192317952, 10.239264312984583, 10.596387714772384, 10.97152989200857, 11.368865238883892, 11.79414285571838, 12.248839279590102, 12.753796280979744, 13.298631645621448, 13.334788943268922, 13.944859575395707, 14.052037489135284, 15.089089949808034]
for x in range(len(list_of_stringer_lengths1)):
    list_of_stringer_top.append(fn.Stringer(t, a, list_of_stringer_lengths1[x], aluminum))
for x in range(len(list_of_stringer_lengths2)):
    list_of_stringer_bottom.append(fn.Stringer(t, a, list_of_stringer_lengths2[x], aluminum))
wingbox = fn.WingBox([0.0042, 0.0032, 0.005], list_of_stringer_top, list_of_stringer_bottom, rib_list, aluminum)


Option 3:

rib_list = [1.0358219781600446, 2.092566819700103, 3.1769008553898237, 4.297432806130567, 5.465739226914051, 6.698567110111765, 7.963634682512992, 9.345771397237678, 10.911089148344796, 12.802971956868905]
list_of_stringer_top = []
t = 0.0015
a = 0.16
list_of_stringer_lengths1 = [15.600000000000001, 14.500000000000002, 14.500000000000002, 13.700000000000001, 11.950000000000001, 11.950000000000001, 11.950000000000001, 8.200000000000001, 8.200000000000001, 8.200000000000001, 8.200000000000001, 8.200000000000001, 8.200000000000001, 15.555]
list_of_stringer_lengths2 = [15.600000000000001, 14.500000000000002, 14.500000000000002, 13.700000000000001, 11.950000000000001, 11.950000000000001, 11.950000000000001, 8.200000000000001, 8.200000000000001, 8.200000000000001, 8.200000000000001, 8.200000000000001, 8.200000000000001, 15.555]
combination_of_vertical_stiff = [0.3678247224762464, 0.7335133516415486, 1.0358219781600446, 1.398763072650985, 1.7607711767561838, 2.092566819700103, 2.45367075129515, 2.81471546854119, 3.175776414683219, 3.1769008553898237, 3.5382099454423583, 3.899969423506122, 4.262560276471366, 4.297432806130567, 4.661177272796064, 5.026367258148447, 5.393265765180454, 5.465739226914051, 5.8350762996249195, 6.206872653959046, 6.581482107985656, 6.698567110111765, 7.064481033201486, 7.433750645607422, 7.806863590076246, 7.963634682512992, 8.343112437355732, 8.726387791343123, 9.115684601308628, 9.345771397237678, 9.746464159622457, 10.15591395359656, 10.575650917879425, 10.911089148344796, 11.353662825371833, 11.801996018542761, 12.271094603247262, 12.802971956868905]
for x in range(len(list_of_stringer_lengths1)):
    list_of_stringer_top.append(fn.Stringer(t, a, list_of_stringer_lengths1[x], aluminum))
for x in range(len(list_of_stringer_lengths2)):
    list_of_stringer_bottom.append(fn.Stringer(t, a, list_of_stringer_lengths2[x], aluminum))
wingbox = fn.WingBox([0.006, 0.005, 0.005], list_of_stringer_top, list_of_stringer_bottom, rib_list, aluminum)